34
1 14 0.595539
51 113 0.532439
110 203 0.529101
257 35 0.530178
528 630 0.413218
529 630 0.356181
535 7 0.514719
644 654 0.176711
666 815 0.556115
687 815 0.520951
697 209 0.552757
718 959 0.572974
719 959 0.539255
831 976 0.554022
956 1129 0.584194
1007 837 0.340124
1085 1267 0.481531
1346 1512 0.515138
1353 1520 0.578078
1354 1521 0.554109
1383 1562 0.533953
1419 1568 0.498251
1435 1564 0.466779
1438 1555 0.509816
1449 1588 0.396931
1485 1617 0.473559
1515 1618 0.411999
1516 1619 0.510516
1559 1673 0.496364
1646 1736 0.129142
1904 1904 0.521403
1913 1903 0.589842
1933 1916 0.372533
1936 1917 0.597085
